# Constructed from biom file
#OTU ID	515rcbc156	515rcbc157	515rcbc159	515rcbc160	515rcbc161	515rcbc168	515rcbc169	515rcbc170	515rcbc174	515rcbc175	515rcbc176	515rcbc177	515rcbc178	515rcbc179	515rcbc180	515rcbc181	515rcbc184	515rcbc185	515rcbc186	515rcbc187	515rcbc188	515rcbc189	515rcbc190	515rcbc191	515rcbc192	515rcbc193	515rcbc194
k__Archaea;p__Crenarchaeota;c__MCG	0.0	0.0	0.0	0.0	0.0	0.0	0.0	0.0	0.0	0.0	2.2536734877850896e-05	0.0	0.0	0.0	0.0	0.0	0.0	0.0	0.0	0.0	0.0	0.0	0.0	0.0	0.0	0.0	0.0
k__Archaea;p__Crenarchaeota;c__Thaumarchaeota	0.0012095336187998933	0.00026394435031375316	0.0013320491013791831	0.0005666474832883262	0.010465377697841727	0.0003213097460501358	1.0659480755373444e-05	2.1183029851125668e-05	0.0003146205604536257	0.0010833836947068969	0.000515840820537476	0.0035261149018564683	3.326348002528024e-05	0.0038612332184863964	0.0034155407102315536	0.010956219658842917	0.0020131176371389337	0.007878701998016154	0.0038045929673864018	0.0011155493180754973	0.022695420622963456	0.009106139521101399	0.0005760887882148694	0.0026138251015398787	0.0016285505899749223	0.001632491972086181	0.0027785434698715476
k__Archaea;p__Euryarchaeota;c__Halobacteria	2.74327212511316e-05	4.257166940544406e-06	0.0	0.0	0.0	0.0004445360644277865	0.0	0.0	2.145140184911084e-05	0.0	2.5040816530945442e-05	4.330316546139523e-05	0.0	0.0	0.0	0.0	0.0	0.0	0.0	0.0	0.0	0.0	0.0	0.0	0.0	0.0	0.0
k__Archaea;p__Euryarchaeota;c__Methanobacteria	2.4938837501028727e-05	0.0	0.0	0.0	0.0	2.6487900212018365e-05	0.0	0.0001652276328387802	0.0	0.0	0.00010517142942997084	0.0	0.0	0.0	0.0	0.0	1.5056975595653955e-06	0.0	0.0	0.00034292028373478293	0.0	0.0	0.0	0.0	0.0	0.000609942055504727	0.0
k__Archaea;p__Euryarchaeota;c__Methanomicrobia	0.0	0.0	0.0	0.0	0.0	1.1516478353051463e-06	0.0	0.0	0.0	0.0	2.5040816530945443e-06	0.0	0.0	0.0	2.5114269928173187e-05	0.0	3.011395119130791e-06	0.0	0.0	6.3503756247182025e-06	0.0	0.0	0.0	0.0	0.0	0.0	0.0
k__Bacteria;p__;c__	4.987767500205745e-06	4.257166940544406e-06	0.0	0.0	0.0	1.1516478353051463e-06	0.0	0.0	7.150467283036946e-06	0.0	0.0	0.0	0.0	0.0	0.0	0.0	0.0	0.0	0.0	1.0583959374530338e-05	1.7518657370099155e-05	0.0	0.0	0.0	0.0	0.0	0.0
k__Bacteria;p__AD3;c__JG37-AG-4	0.0	0.0	0.0	0.0	0.0	0.0	0.0	0.0	0.0	0.0	0.0	0.0	0.0	0.0	0.0	0.0	0.0	0.0	0.0	1.9051126874154606e-05	0.0	0.0	0.0	0.0	0.0	0.0	0.0
k__Bacteria;p__Acidobacteria;c__	8.728593125360055e-05	0.0	2.049306309814128e-05	0.0	0.0008767985611510791	0.0	0.0	0.0	2.145140184911084e-05	0.00016213905635069204	0.0	0.00035261149018564686	0.0	0.0	0.0	0.0	7.227348285913898e-05	0.0	0.0	0.00018839447686664	0.0	0.0	0.0	2.449695502848996e-06	0.0	0.0	0.0
k__Bacteria;p__Acidobacteria;c__Acidobacteria-5	0.0006783363800279814	0.0	0.0021722646884029754	0.00017707733852760193	0.0	6.9098870118308784e-06	0.0	0.0	0.0001072570092455542	0.0001547690992438424	2.7544898184039984e-05	0.0003093083247242516	0.0	8.486226853816256e-06	0.000527399668491637	0.0	0.0002107976583391554	0.0003400878560294743	0.0003333921672452001	8.678846687114877e-05	0.0017168284222697173	0.0	6.662251292280803e-05	0.0010925641942706522	9.991107913956579e-06	0.0	0.0004741165444622085
k__Bacteria;p__Acidobacteria;c__Acidobacteria-6	0.004084981582668505	0.001213292578055156	0.0086890587536119	0.006782062065607155	0.020357464028776973	0.0012449313099648636	0.002961203753842743	0.001842923597047933	0.002002130839250346	0.00263107468714532	0.0029623285956108455	0.009600930399440771	0.01220769716927785	0.005490588774419118	0.0030137123913807832	0.00846212087471607	0.002854802572935991	0.00138869207878702	0.004804769469122002	0.002732778310503734	0.016476297256578253	0.011408317472618897	0.001450019398908175	0.006085043629076903	0.0037966210073035	0.008610946665949089	0.013374496940294396
k__Bacteria;p__Acidobacteria;c__Acidobacteriia	7.980428000329193e-05	0.0008769763897521477	0.00014345144168698896	0.00016822347160122184	0.00456384892086331	0.0004998151605224335	0.0	5.08392716427016e-05	0.0001859121493589606	0.00011054935660274458	0.0004231897993729779	0.000760898478821659	0.0	0.0	5.0228539856346375e-05	0.0010778069745690998	0.000411055433761353	0.0022105710641915828	0.0002549469514228001	0.001005476140580382	0.0	0.0010998028332744492	0.00014892091123921793	0.00010043751561680883	9.991107913956579e-06	0.0025474050553432716	0.00037488284910965324
k__Bacteria;p__Acidobacteria;c__BPC102	0.0	0.0	0.0	0.0	0.0	0.0	0.0	0.0	0.0	0.00013265922792329347	0.0	0.0	0.0006652696005056049	0.0	0.0	0.0	0.0	0.0	0.0	2.7518294373778876e-05	0.00040292911951228056	0.0	0.0	0.0006491693082549838	0.0	0.0	0.0
k__Bacteria;p__Acidobacteria;c__DA052	0.00014215137375586374	0.0	0.0012090907227903353	0.004214440656956926	0.0	0.0	0.0	0.0	0.0001573102802268128	0.00014739914213699276	0.0	0.0	0.0	0.0013408238429029684	0.0	0.000864027078786799	6.77563901804428e-05	0.0	0.0	5.080300499774561e-05	8.759328685049578e-06	0.0	9.797428371001179e-05	0.0	0.0	0.0008610946665949088	0.0
k__Bacteria;p__Acidobacteria;c__EC1113	0.0	0.0	2.049306309814128e-05	0.0	0.0	0.0	0.0	0.0	0.0	0.0	0.0	0.0	0.0	0.0	0.0	0.0	0.0	0.0	0.0	0.0	0.0	0.0	8.22983983164099e-05	0.0	0.0	0.0	0.0
k__Bacteria;p__Acidobacteria;c__Holophagae	0.0	0.0	0.0	0.0	0.0	0.0	0.0	0.0	0.0	0.0	0.0	0.0	0.0	0.0	0.0	0.0	1.5056975595653955e-06	0.0	0.0	0.0	0.0	0.0	0.0	0.0	0.0	0.0	0.0
k__Bacteria;p__Acidobacteria;c__PAUC37f	0.00047134402876944294	0.0	0.00176240342644015	0.0013103723051042543	0.0	6.9098870118308784e-06	0.00020039823820102074	0.0	5.005327098125863e-05	0.0003537579411287826	0.0	0.0006557336484154134	0.0	0.0	0.0027625696920990507	0.0003117623480158553	0.0001325013852417548	0.0	0.0006275617265792002	0.0	0.0007620615955993132	0.000507162964566974	0.0	0.0	6.993775539769605e-05	0.0	0.001091570648878108
k__Bacteria;p__Acidobacteria;c__RB25	0.0	0.0001788010115028651	0.0004918335143553908	0.00013280800389570144	0.0015625	4.0307674235680124e-05	0.0	0.0	6.435420554733252e-05	0.0	0.0	0.0	0.0	0.0	0.0	8.907495657595867e-06	0.000137018477920451	0.0	0.0	0.0	8.759328685049578e-06	0.00042168606042647275	4.7027656180805664e-05	0.0	0.0	0.0	0.0009151551904735653
k__Bacteria;p__Acidobacteria;c__S035	1.995107000082298e-05	0.0	0.0	0.0	0.0	0.0	0.0	0.0	0.0	0.0	0.0	0.0	0.0	0.0	0.0	0.0	0.0	0.0	0.0	0.0	0.0013752146035527837	0.0005584491070512748	2.3513828090402832e-05	0.0	0.0	0.0	1.1025966150283919e-05
k__Bacteria;p__Acidobacteria;c__Solibacteres	0.00044640519126841417	0.0007364898807141824	0.0022952230669918234	0.00020363893930674221	0.002495503597122302	0.0003005800850146432	0.0006246455722648839	0.0	0.0004361785042652538	0.00031690815559453446	0.0006335326582329197	0.0009959728056120902	3.326348002528024e-05	0.002486464468168163	5.0228539856346375e-05	0.0006858771656348817	0.0005827049555518082	0.0	0.00025494695142280006	0.00038525612123290425	0.0009372481693003049	0.00019374764938513613	0.00014892091123921793	0.0007104116958262088	0.002487785870575188	1.7939472220727265e-05	0.0010695187165775401
k__Bacteria;p__Acidobacteria;c__Sva0725	0.00032171100376327054	0.00016602951068123186	8.197225239256512e-05	0.0014166187082208155	0.0	6.334063094178305e-05	2.131896151074689e-06	0.0	0.0001072570092455542	0.00016950901345754165	0.00015024489918567265	0.0004577763205918924	0.0	0.0	2.5114269928173187e-05	0.0002405023827550884	0.00035534462405743334	0.0	0.0	0.0017019006674244782	0.0016029571493640727	0.0	4.310868483240519e-05	0.0	0.0014986661870934866	0.0	0.0
k__Bacteria;p__Acidobacteria;c__TM1	8.977981500370342e-05	0.0	0.0	0.0	0.0	0.0	0.0	0.0	0.0	0.0	0.0	0.0	0.0	0.0	0.0	0.0	0.0	2.8340654669122857e-05	0.0	0.0	0.0	0.0	0.0	0.0	0.0	0.0	0.0
k__Bacteria;p__Acidobacteria;c__[Chloracidobacteria]	0.0033143715038867158	0.002430842323050856	0.004446994692296657	0.011890743282128467	0.0074190647482014396	0.0020637529208668228	0.002391987481505801	0.00030927223582643474	0.0009152598122287292	0.0007517356248986631	0.0030950449232248567	0.003779747728130354	0.004457306323387553	0.0022912812505303886	0.0020593701341102017	0.002289226384002138	0.005378351682767597	0.00158707666147088	0.0010982330215136005	0.001958032484288112	0.006184086051645002	0.0017323319239141584	0.0008112270691188978	0.0028857413023561174	0.003926505410184935	0.001758068277631272	0.0034401014388885827
k__Bacteria;p__Acidobacteria;c__iii1-8	0.0003890458650160482	0.00022562984784885355	0.0007787363977293687	0.0	0.0010341726618705036	0.00016238234477802563	0.0	0.0	8.580560739644336e-05	0.0	0.00018530204232899627	0.0003093083247242516	0.00023284436017696172	0.0	0.0001757998894972123	0.0013628468356121678	0.0002469343997687249	0.00031174720136035143	0.0	0.00025401502498872806	0.0022686661294278408	0.0	0.0	0.0	2.9973323741869737e-05	0.0	1.1025966150283919e-05
k__Bacteria;p__Actinobacteria;c__Acidimicrobiia	0.0030300687563749903	0.002865073350986385	0.002541139824169518	0.0016025499136747975	0.001989658273381295	0.0024311285803291643	0.000520182660862224	0.00019912048060058125	0.0021379897176280476	0.001879339062246657	0.004832877590472471	0.0031178279132204564	0.003326348002528024	0.003572701505456644	0.003365312170375208	0.003732240680532669	0.0034721385723578036	0.001927164517500354	0.0007648408542684003	0.0023750404836446076	0.006289197995865597	0.0017893165266744924	0.0006583871865312794	0.0006589680902663798	0.004016425381410544	0.000609942055504727	0.0023485307900104747
k__Bacteria;p__Actinobacteria;c__Actinobacteria	0.29966257752861125	0.26732879803148546	0.2029632969239918	0.184080747266368	0.1964815647482014	0.1509649081388103	0.15658350850413388	0.27451512044670767	0.28344452309958446	0.2581990772813701	0.16977172791650424	0.15743793728464414	0.28244020889465477	0.1283626673908246	0.2286403134260885	0.22379192090143887	0.15921697704112392	0.09837041235652559	0.034319781922299994	0.3019518937878502	0.17891804772082245	0.2735830778523648	0.23272027558206557	0.06832445726996147	0.19308815154512526	0.13176542346124184	0.1113402061855669
k__Bacteria;p__Actinobacteria;c__Coriobacteriia	0.0025961329838570905	0.002980016858381084	0.0009221878394163576	0.0014520341759263358	0.0002810251798561151	0.0011896522138702163	0.0019336298090247427	8.473211940450267e-06	0.0011512252325689483	0.0011865630942027917	0.001049210212646614	0.0017878021169061744	0.0004989522003792037	0.0025373818292910603	0.0002511426992817319	2.67224869727876e-05	0.00048634031173962276	0.0	0.0002157243435116001	0.00046357742060442874	0.0001576679163308924	0.0004444799015306064	0.0005447370174276656	0.00020577442223931568	0.000449599856128046	0.00044848680551818167	0.00081592149512101
k__Bacteria;p__Actinobacteria;c__MB-A2-108	0.0009925657325409434	4.257166940544406e-06	0.0018853618050289976	8.853866926380097e-05	0.0006407374100719425	0.00012783290971887123	0.00012364997676233194	0.0	0.0001644607475098498	0.0002874283271671359	0.00034556326812704705	0.002282695436464977	6.652696005056049e-05	0.0036915086814100716	0.0023858556431764527	0.0015677192357368725	0.0004456864776313571	5.6681309338245714e-05	0.0011374556294248004	0.00033021953248534654	0.00290809712343646	0.0025415132831109032	0.0003448694786592415	0.0006981632183119638	9.991107913956579e-06	0.0018477656387349082	0.0023926346546116104
k__Bacteria;p__Actinobacteria;c__Nitriliruptoria	4.239602375174884e-05	0.0	0.0	0.0	0.0	0.00045950748628675344	0.0	0.0	0.0	0.00012528927081644384	3.756122479641816e-05	0.00017321266184558093	0.0	0.0	0.0	0.0	6.022790238261581e-06	0.0	0.0	0.0	0.0	0.0	0.0	2.449695502848996e-05	0.0	0.0	0.0
k__Bacteria;p__Actinobacteria;c__OPB41	1.4963302500617236e-05	0.0	0.0	0.0	0.0	4.0307674235680124e-05	0.0	0.0	0.0	5.158969974794747e-05	1.0016326612378177e-05	0.0	0.0	0.0	0.0	0.0	4.968801946565805e-05	0.0	0.0	0.0	0.0	0.0	0.0	0.0	0.0	0.0	0.0
k__Bacteria;p__Actinobacteria;c__Rubrobacteria	0.00021696788625894992	0.0005832318708545836	0.0005738057667479559	0.0	0.0	0.00019347683633126462	0.0	0.0	3.575233641518473e-05	5.89596568547971e-05	0.0002053346955537526	0.00020414349431800607	0.0	0.0008316502316739931	0.0004520568587071174	1.7814991315191734e-05	0.0005239827507287577	0.0	0.0	3.5985461873403146e-05	8.759328685049578e-06	0.00013676304662480198	0.0	0.00031111132886182247	0.0	0.00048436574995963617	0.0
k__Bacteria;p__Actinobacteria;c__Thermoleophilia	0.00804526897783187	0.005249086837691253	0.011373650019468409	0.012005843552171408	0.016276978417266188	0.0037163675645297037	0.004916152524378233	0.0009532363433006548	0.002931691586045149	0.0074141768494907345	0.006650840870619109	0.014760193255841283	0.008581977846522305	0.0062119180569935	0.005123311065347333	0.010858237206609365	0.008058493338794	0.012384866090406687	0.003431978192230001	0.005493074915381247	0.017334711467713117	0.008604675016810458	0.0021632721843170607	0.007278045338964366	0.007073704403081258	0.005650933749529089	0.01066210926732455
k__Bacteria;p__Armatimonadetes;c__0319-6E2	0.0	0.0	6.147918929442384e-05	0.0036477931736685998	0.0	6.909887011830878e-06	0.0	0.0	0.0	0.0	3.756122479641816e-05	0.0	0.0	0.0	0.00015068561956903912	0.0003295773393310471	6.474499506131201e-05	0.0	0.0	4.233583749812135e-05	0.0	0.0	0.0	0.0	4.9955539569782895e-05	0.0	0.0
k__Bacteria;p__Armatimonadetes;c__Armatimonadia	4.488990750185171e-05	0.0006343178741411166	0.0	0.0	0.0	0.0001762021188016874	0.0015328333326227012	0.0	5.720373826429557e-05	0.00020635879899178985	0.00039063673788274886	0.0003031221582297666	0.0	0.0	0.00015068561956903912	0.0	0.00031469078994916767	0.0	0.0	0.00015664259874304898	2.6277986055148733e-05	7.407998358843441e-05	3.918971348400472e-05	2.449695502848996e-05	0.0	0.0	0.0
k__Bacteria;p__Armatimonadetes;c__Chthonomonadetes	0.0	0.0	0.0	0.0	0.0	2.3032956706102925e-06	0.0	0.0	0.0	9.58094423890453e-05	2.5040816530945443e-06	0.0	0.0	0.0	0.0	0.0	0.0	0.0	0.0	0.0	0.0	0.0	0.0	0.0	0.0	0.0	0.0
k__Bacteria;p__Armatimonadetes;c__SHA-37	0.0	0.0	2.049306309814128e-05	8.853866926380097e-06	0.0	0.0	0.0	0.0	0.0	0.0	2.5040816530945443e-06	0.0	0.0	0.0	5.0228539856346375e-05	0.0	6.173359994218121e-05	0.0	0.0	4.233583749812135e-06	0.0	0.0	0.0	0.0	0.0	0.0	0.0006284800705661834
k__Bacteria;p__Armatimonadetes;c__SJA-176	0.0	0.0002469156825515756	0.0	0.0	0.0	0.0	0.0	0.0	0.0	0.0	0.0	0.0	0.0	0.0	0.0	0.0	0.0	0.0	0.0	0.0	0.0	0.0	0.0	0.0	0.0	0.0	0.0
k__Bacteria;p__Armatimonadetes;c__[Fimbriimonadia]	0.00018704128125771546	0.0003831450246489966	8.197225239256512e-05	0.0	0.0	0.0001543208099308896	4.263792302149378e-06	0.0	3.575233641518473e-05	4.4219742641097826e-05	0.00010016326612378175	0.0	0.0	0.0	0.00032648550906625145	0.0	0.00040653834108265676	0.0	0.0	6.350375624718202e-06	0.0	0.0	0.0	7.349086508546988e-06	0.0	0.0	0.0
k__Bacteria;p__BHI80-139;c__	0.0	0.0	0.0	0.0	0.0	0.0	0.0	0.0	0.0	0.0	0.0	0.0	0.0	0.0	0.0	0.0	0.0	0.0	3.9222607911200015e-05	0.0	0.0	0.0	3.5270742135604245e-05	0.0	0.0	0.0	0.0
k__Bacteria;p__BRC1;c__NPL-UPA2	0.0	0.0	0.0	0.0	0.0	0.0	0.0	0.0	0.0	0.0	0.0	0.0	0.0	0.0	0.0	0.0	0.0	0.0	0.0	2.1167918749060675e-06	0.0	0.0	0.0	0.0	0.0	0.0	0.0
k__Bacteria;p__BRC1;c__PRR-11	1.995107000082298e-05	0.0004470025287571627	4.098612619628256e-05	0.0	0.0	5.98856874358676e-05	2.131896151074689e-06	0.0	2.145140184911084e-05	7.369957106849638e-06	0.00038813265622965435	0.0	0.0	0.0	0.00012557134964086595	0.0	2.258546339348093e-05	0.0	0.0	2.1167918749060675e-06	0.0	0.0	0.0	2.6946650531338954e-05	0.0	0.0	0.0
k__Bacteria;p__Bacteroidetes;c__At12OctB3	0.0	0.0	0.0	0.0	0.0	0.0	0.0	0.0	1.4300934566073893e-05	0.0	0.0	0.0	0.0	0.0	0.0	0.0	4.517092678696186e-05	0.0	0.0	0.0	0.0	0.0	0.0	0.0	0.0	0.0	0.0
k__Bacteria;p__Bacteroidetes;c__Bacteroidia	0.013412106808053263	0.015568459501570875	0.004365022439904092	0.01004913896144141	0.008925359712230215	0.007312963754187674	0.007915730408940324	0.005821096603089334	0.010396779429535713	0.015602199195200702	0.0118818674439336	0.019789546615857617	0.006819013405182451	0.005558478589249649	0.007785423677733687	0.00982496771032824	0.004176805030234409	0.005243021113787729	0.002392579082583201	0.00963351982269752	0.005264356539714796	0.03375198021494591	0.012677872312075518	0.005648997829569781	0.004765758474957287	0.00150691566654109	0.00950438282154474
k__Bacteria;p__Bacteroidetes;c__Cytophagia	0.01912808836328904	0.029881054755681185	0.05459352009344835	0.011403780601177563	0.008217176258992806	0.025318977659183655	0.012746607087275565	0.0028215795761699384	0.013013850455127231	0.015675898766269188	0.03206226148622253	0.006544964151165162	0.007650600405814457	0.005100222339143571	0.0435481440554523	0.035353850264997995	0.05149636223469602	0.009097350148788435	0.0021180208272048007	0.02673508138006361	0.009661539539609682	0.006097352495355756	0.003495722442773222	0.014999485563944408	0.00811277962613274	0.005507417971763271	0.005237333921384861
k__Bacteria;p__Bacteroidetes;c__Flavobacteriia	0.008713629822859448	0.010229972158128209	0.009570260466831976	0.009110629067245118	1.1241007194244605e-05	0.009965208718895427	0.00448764139801222	0.002342843101534499	0.006542677563978809	0.009374585439912741	0.016927591974919096	0.008289463102609943	0.004856468083690916	0.0020536668986235337	0.0207946155005274	0.013298891016790626	0.01494404827868652	0.00257899957489018	0.002059186915338001	0.01670995506050849	0.00977541081251533	0.014080895342078566	0.00174394225003821	0.010842352295609654	0.008912068259249267	0.0032111655275101807	0.0007387397320690226
k__Bacteria;p__Bacteroidetes;c__Sphingobacteriia	0.004464051912684141	0.005576888692113173	0.006332356497325654	0.012793837708619237	0.00285521582733813	0.0068845507594541624	0.0018739367167946513	0.0013218210627102414	0.003339268221178255	0.005431658387748182	0.010256718451075248	0.0023445571014098273	0.002128862721617936	3.3944907415265024e-05	0.012155306645235826	0.0066806217431969	0.013933725216218168	0.003060790704265269	0.0003333921672452001	0.009675855660195637	0.004397182999894889	0.0006325290906397092	0.0004937903898984595	0.006288368355813371	0.0030372968058427997	0.0019912814165007264	0.00301008875902751
k__Bacteria;p__Bacteroidetes;c__VC2_1_Bac22	7.481651250308618e-06	0.0	0.0	0.0	0.0	1.266812618835661e-05	0.0	0.0	0.0	0.0	0.0	0.0	0.0	0.0	0.0	0.0	3.011395119130791e-05	0.0	0.0	0.0	0.0	0.0	0.0	0.0	0.0	0.0	0.0
k__Bacteria;p__Bacteroidetes;c__[Rhodothermi]	0.00019452293250802406	0.0005576888692113173	0.0005328196405516732	1.7707733852760195e-05	0.0	0.0009466545206208302	0.0	0.0	0.00010010654196251726	0.0001768789705643913	0.000285465308452778	0.0	9.979044007584074e-05	0.0	2.5114269928173187e-05	0.0005878947134013272	0.0004185839215591799	0.0	0.0	0.00014394184749361258	0.0010248414561508006	0.0	0.0001371639971940165	0.00015923020768518473	2.9973323741869737e-05	0.0	0.0
k__Bacteria;p__Bacteroidetes;c__[Saprospirae]	0.007164928014045553	0.006436836414103142	0.014386130294895176	0.02083314887777237	0.018176708633093525	0.006207381832294733	0.009779007644979604	0.0022284547403384203	0.0036467383143488448	0.006456082425600281	0.009024710277752729	0.006940878806812205	0.005688055084322922	0.012262597803764487	0.0097443367321312	0.011802431746314523	0.014567623888795182	0.008983987530111943	0.003981094702986802	0.005715338062246387	0.017185802880067276	0.003139851612094412	0.0022769223534206745	0.010783559603541286	0.004446043021710677	0.00992052813806218	0.00694635867467887
k__Bacteria;p__Chlamydiae;c__Chlamydiia	9.97553500041149e-06	0.0	0.0	0.0	0.0	1.4971421858966902e-05	0.0	0.0	0.0	1.4739914213699276e-05	2.5040816530945443e-06	0.0	0.0	0.0	0.0	0.0	1.2045580476523164e-05	0.0	0.0	6.350375624718202e-06	0.0	0.0	0.0	0.0	0.0	0.0	0.0
k__Bacteria;p__Chlorobi;c__	0.0	0.0	0.0	0.0	0.0	2.533625237671322e-05	0.0	0.0	0.0	0.0	1.0016326612378177e-05	0.0	0.0	0.0	2.5114269928173187e-05	0.0	0.0	0.0	0.0	0.0	0.0	0.0	0.0	0.0	0.0	0.0	0.0
k__Bacteria;p__Chlorobi;c__BSV26	0.0	0.0	0.0	0.0	0.0	0.0	0.0	0.0	0.0	0.0	4.256938810260725e-05	0.0006371751489319584	0.0	0.0	0.0	0.0	0.0	0.0	0.0	4.233583749812135e-06	0.0	0.0	0.0	0.0	0.0	0.0	0.0
k__Bacteria;p__Chlorobi;c__Ignavibacteria	1.745718625072011e-05	0.0	0.0	0.0	0.0	8.061534847136025e-06	0.0	0.0	3.575233641518473e-05	0.0	0.0	0.0	0.0	0.0	0.0	0.0	0.0	0.0	0.0	0.0	0.0	0.0	0.0	0.0	0.0	0.0	0.0
k__Bacteria;p__Chlorobi;c__OPB56	5.237155875216033e-05	0.0	0.0	0.0	0.0	2.648790021201837e-05	0.0	0.0	0.0	0.0	1.752857157166181e-05	0.0	0.0	0.0	0.0	0.0	9.636464381218531e-05	0.0	0.0	7.832129937152449e-05	0.0	0.0	0.0	0.0	0.0	0.0	0.0
k__Bacteria;p__Chlorobi;c__SJA-28	0.0	0.0	0.0	0.0	0.0	1.3819774023661757e-05	0.0	0.0	0.0	0.0	0.0	0.0	0.0	0.0	0.0	1.7814991315191734e-05	1.0539882916957768e-05	0.0	0.0	0.0	0.0	0.0	0.0	0.0	0.0	0.0	0.0
k__Bacteria;p__Chloroflexi;c__	0.0	0.0	0.0	0.0	0.0	0.0	0.0	0.0	0.0	0.0	2.5040816530945442e-05	0.0	0.0	0.0	0.0	0.0	0.0	0.0	0.0	0.0	0.0	0.0	0.0	0.0	0.0	0.0	0.0
k__Bacteria;p__Chloroflexi;c__Anaerolineae	0.0006209770537756153	0.0003746306907679078	0.0001024653154907064	0.0	0.0	0.00031785480254422043	2.131896151074689e-06	4.236605970225133e-06	0.00030747009317058877	0.0003611278982356323	0.0030624918617346278	0.0006248028159429882	0.0	0.0	0.00017579988949721235	5.34449739455752e-05	0.0004125611313209184	0.0015020546974635113	0.0	0.0008911693793354541	8.759328685049578e-06	0.00021084303021323637	1.1756914045201416e-05	0.00014208233916524176	0.0002397865899349579	0.0	0.0006946358674678869
k__Bacteria;p__Chloroflexi;c__C0119	2.4938837501028727e-06	0.00014900084291905423	0.0	0.0	0.0	9.558677033032716e-05	0.0	0.0	0.0	0.0	0.0	0.0	0.0	0.0	0.0002260284293535587	0.0	1.5056975595653955e-06	0.0	0.0	0.0	0.0	0.0	0.0	0.0	0.0	0.0	0.0
k__Bacteria;p__Chloroflexi;c__Chloroflexi	0.00021447400250884703	0.0	0.0	0.0	0.0	0.00012207467054234554	0.0	0.0	0.002445459810798636	3.684978553424819e-05	0.000616004086661258	0.0001299094963841857	0.0	0.0	0.000401828318850771	8.907495657595867e-06	0.00010389313161001229	2.8340654669122857e-05	0.0	0.0004974460906029259	0.0	0.0	0.0	1.224847751424498e-05	0.00015985772662330526	0.0	0.0004189867137107889
k__Bacteria;p__Chloroflexi;c__Dehalococcoidetes	0.0	0.0	0.0	0.0	0.0	0.0	0.0	0.0	0.0	0.0	0.0	0.0	0.0	0.0	0.0	0.0	0.0	0.0	0.0	0.0	8.759328685049578e-05	0.0	0.0	0.0	0.0	0.0003229104999730908	0.0
k__Bacteria;p__Chloroflexi;c__Ellin6529	0.0008878226150366226	0.0005619460361518617	0.0003483820726684018	0.0	0.003327338129496403	0.0004295646425688196	0.0003027292534526058	1.6946423880900534e-05	0.0008938084103796184	0.0007959553675397609	0.0014123020523453228	0.0019238977797848454	0.0	0.0017057315976170674	0.00228539856346376	0.0016122567140248521	0.000745320291984871	0.00178546124415474	0.0005295052068012003	0.0005461323037257654	0.0050541326512736065	0.0012308674196232178	0.0002860849084332345	0.0007471571283689438	0.0010890307626212673	0.00019733419442799995	0.0006395060367164673
k__Bacteria;p__Chloroflexi;c__Gitt-GS-136	5.237155875216032e-05	5.534317022707728e-05	4.098612619628256e-05	0.0	0.0	0.00012783290971887126	2.1318961510746888e-05	0.0	2.8601869132147785e-05	0.0001916188847780906	0.00014523673587948357	0.0	0.0	0.0	0.00012557134964086595	0.0003206698436734512	0.0001686381266713243	0.0	0.0	7.408771562171236e-05	0.0	0.00010257228496860148	0.0	0.0	0.0	0.0001614552499865454	0.0006174541044158995
k__Bacteria;p__Chloroflexi;c__Ktedonobacteria	0.0	0.0	0.0	0.0	0.0	4.606591341220585e-06	0.0	0.0	0.0	0.0	0.0	0.0	0.0	0.0	0.0	0.0	0.0	0.0	0.0	6.773733999699415e-05	0.0	0.0	0.0	0.0	0.0	0.0	0.0
k__Bacteria;p__Chloroflexi;c__P2-11E	9.227369875380628e-05	0.0	0.0	0.0	0.0	0.0	0.0	0.0	0.0	0.0	0.0	0.0005010794860532877	0.0	0.0	0.0	0.0	1.3551278036088559e-05	0.0	0.0	0.0	0.0	0.0	0.0	0.0	0.0	0.0	0.0
k__Bacteria;p__Chloroflexi;c__S085	0.0	8.940050575143253e-05	2.049306309814128e-05	0.0	0.0	7.71604049654448e-05	0.0	0.0	5.720373826429558e-05	2.2109871320548913e-05	4.757755140879634e-05	0.0010702068035459108	0.0	0.0	0.0	0.0002137798957823008	7.227348285913898e-05	0.0005101317840442114	0.0002549469514228001	1.2700751249436403e-05	0.0	0.0	3.918971348400472e-05	7.349086508546988e-06	0.0008492441726863092	0.0	0.0005623242736644799
k__Bacteria;p__Chloroflexi;c__TK10	0.00023193118875956714	9.791483963252134e-05	4.098612619628256e-05	0.0	0.0012140287769784172	5.758239176525731e-05	4.476981917256846e-05	0.0	0.0	0.00032427811270138403	5.008163306189088e-05	0.00047014865358086243	0.0	0.0	0.0	0.00012470493920634212	8.281336577609674e-05	0.0	0.0	0.000220146354990231	0.00026277986055148737	0.0	0.00019986753876842406	0.0	0.0	0.0002152736666487272	0.0006174541044158995
k__Bacteria;p__Chloroflexi;c__TK17	0.0	0.0	0.0002664098202758366	0.0	0.0	1.1516478353051464e-05	0.0	0.0	0.0	1.4739914213699276e-05	0.0	0.00017321266184558093	0.0	0.0	0.0	0.0	7.5284877978269774e-06	0.0	0.0	0.0	0.0	0.0	3.1351770787203776e-05	0.0	0.0	0.0	0.0
k__Bacteria;p__Chloroflexi;c__Thermomicrobia	0.0008304632887842566	0.0008258903864656148	0.0008812017132200751	0.0	0.0	0.0010203599820803597	0.0006331731568691826	0.0	0.00045047943883132766	0.0002947982842739855	0.0012395204182817994	0.0003093083247242516	0.0006652696005056049	0.0	0.0015570847355467375	0.0010867144702266958	0.0014138500084319061	0.0	0.0	0.0005249643849767048	0.0014628078904032795	0.0002222399507653032	3.918971348400471e-05	0.00012738416614814778	0.00010990218705352236	1.7939472220727265e-05	0.0
k__Bacteria;p__Cyanobacteria;c__	0.0	0.0	0.0	0.0	0.0	5.8734039600562464e-05	0.0	0.0	0.0	0.0	0.0	0.0	0.0	0.0	0.0	0.0	0.0	0.0	0.0	0.0	0.0	0.0	0.0	0.0	0.0	0.0	0.0
k__Bacteria;p__Cyanobacteria;c__4C0d-2	0.00010224923375421778	0.0	0.0	0.0	0.0	1.1516478353051463e-05	3.83741307193444e-05	0.0	0.0	7.369957106849638e-06	2.7544898184039987e-05	0.0002288881602959462	0.0	0.0	0.0	0.0	0.0	0.0	0.0	0.010116148370176097	0.0	0.0	0.0	7.349086508546988e-06	0.0	0.0	0.0
k__Bacteria;p__Cyanobacteria;c__Chloroplast	0.04185734486172662	0.0630528995564032	0.08465684365842169	0.005161804418079596	0.007688848920863309	0.10398919293671348	0.034841578797013655	0.03940467212906396	0.0607932728403801	0.021417095352505054	0.10296783757524768	0.007955410111907752	0.011608954528822804	0.01970501875456135	0.1075141895625094	0.06056206297599431	0.13359903876267798	0.03766473005526429	0.0033143103684964014	0.033612538181633435	0.01683542973266529	0.007801192117889746	0.00506331098213341	0.026557148946385962	0.14913726783162995	0.019787237859462174	0.007916643695903855
k__Bacteria;p__Cyanobacteria;c__ML635J-21	0.00010474311750432066	0.0	6.147918929442384e-05	0.0	0.0008767985611510791	4.836920908281615e-05	0.00012791376906448132	0.0	0.0002288149530571823	0.0006780360538301667	2.0032653224756354e-05	0.0	0.0	0.0	7.534280978451956e-05	0.0003117623480158553	0.0002469343997687249	0.0	0.0	6.350375624718202e-06	0.0	0.0	0.00011756914045201417	7.594056058831887e-05	0.0	0.0	0.0
k__Bacteria;p__Cyanobacteria;c__Nostocophycideae	0.0008005366837830222	0.0015666374341203415	0.0	0.0	0.0	0.0005124832867107902	0.0008868687988470707	0.0	6.435420554733252e-05	3.684978553424819e-05	0.0012620571531596501	8.660633092279045e-05	0.0	0.0	0.0023356271033201067	0.001202511913775442	0.0017842516080849935	0.0	0.0	2.963508624868494e-05	0.0	0.0	0.0	6.369208307407389e-05	0.0	0.0	0.0
k__Bacteria;p__Cyanobacteria;c__Oscillatoriophycideae	0.0034814617151436105	0.005832318708545837	0.001987827120519704	0.0	0.001079136690647482	0.009180936543052626	0.006214477280382718	0.0004321338089629636	0.0007507990647188794	0.0014224017216219798	0.006866191892785239	0.0005938719834705631	0.00036589828027808267	2.5458680561448768e-05	0.0007534280978451956	0.004605175254977064	0.007695620226938737	0.0039960323083463225	0.0003137808632896001	0.0018289081799188422	0.003967975894327459	0.0006667198522959096	0.00011756914045201415	0.003532460915108252	0.0011989329496747895	0.0006458209999461816	0.0
k__Bacteria;p__Cyanobacteria;c__Synechococcophycideae	0.00036410702751501936	0.0	0.0	0.0	0.0	6.909887011830878e-05	0.0002472999535246639	0.0	0.00017876168207592365	7.369957106849638e-06	0.0006160040866612579	0.0	0.0	0.0	0.0	0.0	0.00035082753137873713	0.00017004392801473714	0.0	1.9051126874154606e-05	0.0	0.0	3.918971348400472e-06	3.429573703988594e-05	8.99199712256092e-05	0.0	0.0
k__Bacteria;p__Elusimicrobia;c__	0.0	0.0	0.0	0.0	0.0	9.21318268244117e-06	0.0	0.0	0.0	0.0	0.0	0.0	0.0	0.0	0.0	0.0	0.0	0.0	0.0	0.0	0.0	0.0	0.0	0.0	0.0	0.0	0.0
k__Bacteria;p__Elusimicrobia;c__Elusimicrobia	0.0001745718625072011	0.0	0.00014345144168698896	0.001292664571251494	0.0	1.266812618835661e-05	0.0	0.0	0.0	0.0	2.0032653224756354e-05	0.0002103296608124911	0.0015301200811628913	0.0	0.0	0.0	0.0	2.8340654669122857e-05	0.0003137808632896001	2.1167918749060675e-06	0.0005080410637328755	0.0	0.00012932605449721558	0.00029396346034187953	0.0	0.0	0.0
k__Bacteria;p__FBP;c__	0.0003067477012626533	0.0009025193913954142	8.197225239256512e-05	0.0016910885829385985	0.0	0.0005090283432048747	1.705516920859751e-05	0.0	0.00017161121479288672	0.00044956738351782785	0.0008764285785830904	0.0	9.979044007584074e-05	0.0	0.00027625696920990505	0.0004542822785373892	0.0009681635308005492	0.0004534504747059657	0.0	0.0002688325681130705	0.0	9.117536441653465e-05	9.405531236161134e-05	0.0008941388585398834	9.991107913956578e-05	0.0	0.0
k__Bacteria;p__FCPU426;c__	0.0	0.0	0.0	0.0	0.0	3.4549435059154392e-06	0.0	0.0	0.0	0.0	0.0	0.0	0.0	0.0	0.0	0.0	0.0	0.0	0.0	0.0	0.0	0.0	0.0	0.0	0.0	0.0	0.0
k__Bacteria;p__Fibrobacteres;c__Fibrobacteria	4.987767500205746e-05	0.0	0.0	0.0	0.0	3.915602640037497e-05	2.131896151074689e-06	0.0	0.00023596542034021924	1.4739914213699276e-05	0.00017027755241042901	0.0	0.0	0.0	0.00045205685870711734	8.907495657595867e-06	0.00021832614613698237	0.0	0.0	8.46716749962427e-05	0.0	0.0	5.094662752920613e-05	0.00020087503123361765	0.0	0.0	0.0
k__Bacteria;p__Fibrobacteres;c__TG3	2.4938837501028727e-06	0.0	0.0	0.0	0.0	0.0	0.0	0.0	0.0	0.0	0.0	0.0	0.0	0.0	0.0	0.0	0.0	0.0	0.0	4.233583749812135e-06	0.0	0.0	0.0	0.0	0.0	0.0	0.0
k__Bacteria;p__Firmicutes;c__Bacilli	0.13338038460675178	0.10019242394571243	0.19374141852982815	0.3646642170968171	0.15369829136690627	0.3816503343809504	0.4364076697095928	0.3445080876807968	0.20741360447905266	0.2282991612988809	0.09218526197702284	0.38106785606027854	0.4204171240395176	0.594765695276566	0.07936109297302713	0.13764753039682898	0.0704425546267072	0.6314864673373967	0.8684865956737458	0.1690025465006253	0.273562594162783	0.3201224029267299	0.5066642107779552	0.535878240334728	0.323911718570472	0.6293705039197752	0.6215006339930543
k__Bacteria;p__Firmicutes;c__Clostridia	0.03077701936001963	0.047024666025253535	0.02237842490317027	0.034025410598078724	0.014287320143884886	0.01275334812816919	0.014437200735077784	0.01371813013158898	0.060392846672529886	0.028109016405524583	0.02554914510652356	0.06725600212804125	0.009779463127432391	0.019552266671192645	0.011703249786528713	0.028040796330111795	0.011697764340263522	0.005838174861839307	0.0025886921221392007	0.019002440661031763	0.018815038015486493	0.03052665169871101	0.014225865994693682	0.0077091917474657904	0.01380771113708799	0.01510503560985236	0.01692485804068583
k__Bacteria;p__Firmicutes;c__Erysipelotrichi	0.001059900593793721	0.002716072508067331	0.0031969178433100395	0.0007348709548895481	0.0	0.00038925696833313946	0.00027501460348863484	0.00012286157313652887	0.0005720373826429557	0.000589596568547971	0.0010091449061971013	0.0035137425688674985	3.326348002528024e-05	0.0003733939815679153	0.00020091415942538553	0.0004720972698525809	0.0012572574622371055	0.0	0.0004902825988900002	0.002775114148001855	0.0	0.0007009106139521102	0.00011365016910361369	4.899391005697991e-05	0.0002797510215907842	0.0	9.923369535255527e-05
k__Bacteria;p__Fusobacteria;c__Fusobacteriia	0.003611143670148959	0.0044061677834634615	0.0010041600918089227	0.0036123777059630796	0.0008880395683453237	0.0030944777334649285	0.004176384559955316	0.0022072717104872947	0.009960600925270464	0.00692775968043866	0.005078277592475735	0.002369301767387767	0.0031600306024016232	0.0014850896994178448	0.00228539856346376	0.0034293858281744093	0.0020823797248789417	0.002012186481507723	0.0007452295503128004	0.0060646087216058835	0.0038190673066816165	0.024930763707646193	0.006039134847885128	0.0004605427545356113	0.0025876969497147543	0.0025294655831225444	0.004167815204807322
k__Bacteria;p__GN02;c__BD1-5	0.0	0.0	0.0	0.0	0.0	0.0	0.0	0.0	0.0	0.0	2.5040816530945443e-06	0.0	0.0	0.0	0.0	0.0	3.011395119130791e-06	0.0	0.0	0.0	8.759328685049578e-05	0.0	0.0	0.0	0.0	0.0	0.0
k__Bacteria;p__GN04;c__GN15	0.0	0.0	0.0	0.0	0.0	0.0	0.0	0.0	0.0	0.0	0.0	0.0	0.0	0.0	0.0	0.0	3.463104387000409e-05	0.0	0.0	0.0	0.0	0.0	0.0	0.0	0.0	0.0	0.0
k__Bacteria;p__Gemmatimonadetes;c__	0.0	0.0	0.0	0.0	0.0	0.0	0.0	0.0	0.0	0.0	0.0	0.0002845636587463115	0.0	0.0	0.0	0.0005166347481405603	0.0	0.0	0.0	0.0	0.0	0.0006097352495355755	0.0	0.00019597564022791965	0.0	0.0	0.0
k__Bacteria;p__Gemmatimonadetes;c__Gemm-1	0.0008728593125360055	0.00030225885277865283	0.0026026190134639422	0.00643676125547833	0.003495953237410072	0.00021996473654328294	0.0006651515991353029	4.2366059702251336e-05	0.0004147271024161429	5.8959656854797106e-05	0.00030549796167753443	0.0042746410476891565	0.001496856601137611	0.0	0.0002009141594253855	0.001701331670600811	0.00041406682888048377	0.0006234944027207029	0.0016277382283148005	0.0002328471062396674	0.004081847167233103	0.0014360119895604206	0.0006270354157440756	0.0031356102436467153	0.0011489774101050066	0.004323412805195272	0.0040906334417553335
k__Bacteria;p__Gemmatimonadetes;c__Gemm-2	0.0	8.088617187034372e-05	2.049306309814128e-05	0.0	0.0	1.7274717529577195e-05	0.0	0.0	0.0	0.0	1.5024489918567265e-05	0.0	0.0	0.0	0.0	0.0	0.0	0.00017004392801473714	0.0	0.0	0.0	0.0	0.0	0.0	0.0	0.0	0.0
k__Bacteria;p__Gemmatimonadetes;c__Gemm-3	0.0005611238437731464	0.0005066028659247843	0.0002664098202758366	0.0	0.0	0.00030403502852055866	9.167153449621162e-05	0.0	0.00010010654196251726	0.0002726884129534366	0.0007812734757654977	0.0	0.0	0.0	0.0006780852880606762	0.000730414643922861	0.0015388229058758344	0.0	0.0	9.313884249586696e-05	0.0	0.0	0.0	0.00026701680981054053	0.0	0.0	0.00013231159380340703
k__Bacteria;p__Gemmatimonadetes;c__Gemm-5	0.00015960856000658385	0.0	0.0	0.0	0.0	8.17669963066654e-05	0.0	0.0	5.720373826429557e-05	0.0002284686703123388	0.00014022857257329447	0.0005381964850201978	0.0	0.0	0.0	0.00016924241749432148	0.00011744440964610084	0.0	0.0	0.0	0.0	0.0007635936769884777	0.00018419165337482218	0.0	0.0	0.0	0.0
k__Bacteria;p__Gemmatimonadetes;c__Gemmatimonadetes	0.0013591666438060657	0.0007790615501196264	0.0029919872123286267	0.007499225286643942	0.001247751798561151	0.0005205448215579261	0.0010723437639905684	4.236605970225133e-06	0.00041472710241614294	0.0012897424936986865	0.001049210212646614	0.002455908098310558	0.0012640122409606493	0.0030380692136662197	0.0007283138279170224	0.0020932614795350288	0.0018670649738610906	0.0011619668414340372	0.0003333921672452002	0.00082343203933846	0.0038103079779965667	5.698460276033416e-05	0.00037622124944644526	0.00043604579950712124	0.001119004086363137	0.001219884111009454	0.0009813109873752688
k__Bacteria;p__Lentisphaerae;c__[Lentisphaeria]	9.97553500041149e-06	0.0	0.0	0.0	0.0	5.758239176525732e-06	0.0	0.0	0.0	0.0	0.0	0.0	0.0	0.0	0.0	0.0	0.0	0.0	0.0	0.0	0.0	0.0	0.0	0.0	0.0	0.0	0.0
k__Bacteria;p__NKB19;c__	0.0	0.0	0.0	0.0	0.0	6.9098870118308784e-06	0.0	0.0	0.0	0.0	0.0	0.0	0.0	0.0	0.0	0.0	0.0	0.0	0.0	0.0	0.0	0.0	0.0	0.0	0.0	0.0	0.0
k__Bacteria;p__NKB19;c__TSBW08	0.0	0.0	0.0	0.0	0.0	1.1516478353051463e-06	0.0	0.0	0.0	0.0	0.0	0.0	0.0	0.0	0.0	0.0	1.5056975595653955e-06	0.0	0.0	0.0	0.0	0.0	0.0	0.0	0.0	0.0	0.0
k__Bacteria;p__Nitrospirae;c__Nitrospira	0.0015287507388130608	0.0004470025287571627	0.00319691784331004	0.009154898401877018	0.0018435251798561152	0.00017044387962516168	4.263792302149378e-06	0.0	0.0007293476628697686	0.0006559261825096178	0.00017778979736971263	0.002078551942146971	0.0022619166417190565	0.00017821076393014138	0.0	0.00025831737407028016	0.00022886602905394007	0.0005384724387133342	0.0014512364927144006	0.0005376651362261411	0.0009898041414106024	0.0007806890578165779	0.0005173042179888622	0.00039195128045583935	0.0005794842590094815	0.0027447392497712718	0.00326368598048404
k__Bacteria;p__OD1;c__SM2F11	0.0	0.0	0.0	0.0	0.0	0.0	0.0	0.0	0.0	0.0	0.0	0.0	0.0	0.0	0.0	0.0	0.0	0.0	0.0	0.0	0.0	0.0009060551838893132	0.0	0.0	0.0	0.0	0.0
k__Bacteria;p__OP11;c__OP11-2	0.0	0.0	0.0	0.0	0.0	1.1516478353051463e-06	0.0	0.0	0.0	0.0	0.0	0.0	0.0	0.0	0.0	0.0	0.0	0.0	0.0	0.0	0.0	0.0	0.0	0.0	0.0	0.0	0.0
k__Bacteria;p__OP8;c__	0.0	0.0	0.0	0.0	0.0	0.0	0.0	0.0	0.0	0.0	0.0	0.0	0.0	0.0	0.0	0.0	0.0	0.0	0.0	1.2700751249436403e-05	0.0	0.0	0.0	0.0	0.0	0.0	0.0
k__Bacteria;p__OP8;c__OP8_2	2.4938837501028727e-06	0.0	0.0	0.0	0.0	1.1516478353051463e-06	0.0	0.0	0.0	0.0	0.0	0.0	0.0	0.0	0.0	0.0	0.0	0.0	0.0	0.0	0.0	0.0	0.0	0.0	0.0	0.0	0.0
k__Bacteria;p__OP9;c__OPB46	0.0	0.0	0.0	0.0	0.0	1.1516478353051463e-06	0.0	0.0	0.0	0.0	0.0	0.0	0.0	0.0	0.0	0.0	0.0	0.0	0.0	0.0	0.0	0.0	0.0	0.0	0.0	0.0	0.0
k__Bacteria;p__Planctomycetes;c__	0.0	0.0	0.0	0.0013015184381778742	0.0015625	0.0	0.0	0.0	0.0	0.0	0.0	0.0	0.0	0.0	0.0	0.0	0.0	0.0	0.0	0.0	0.0	0.0	0.0	0.0	0.0	0.0	0.0
k__Bacteria;p__Planctomycetes;c__028H05-P-BN-P5	0.0	0.0	0.0	0.0	0.0018098021582733813	3.1094491553238953e-05	0.0	0.0	0.0	0.0	3.505714314332362e-05	0.0	0.0	0.0	0.0	0.0	0.0	0.0	0.0	0.0	0.0	0.0	0.0	0.0	0.0	0.0	0.0
k__Bacteria;p__Planctomycetes;c__OM190	3.2420488751337346e-05	0.0	2.049306309814128e-05	0.0	0.00015737410071942445	3.454943505915439e-05	0.0	0.0	3.575233641518473e-05	0.0	7.512244959283631e-05	0.0	0.0	0.0	0.0	0.0	0.0	0.0	0.0	2.1167918749060675e-06	0.0	0.0	0.00018419165337482218	0.0	0.0	0.0	0.001223882242681515
k__Bacteria;p__Planctomycetes;c__Phycisphaerae	0.00020699235125853842	0.0004470025287571627	0.002582125950365801	0.0025676214086502278	0.0006407374100719424	0.00020153837117840062	2.7714649963970956e-05	0.0	3.575233641518473e-05	0.0001547690992438424	0.00036058775804561434	0.0007175953133602639	0.0	0.0	0.0008538851775578883	1.7814991315191734e-05	0.0006384157652557276	0.0016720986254782485	0.0	9.10220506209609e-05	0.0010423601135208997	0.0	0.00016067782528441936	8.328964709686587e-05	0.002637652489284537	0.0034084997219381804	0.0016538949225425878
k__Bacteria;p__Planctomycetes;c__Pla4	0.0	0.0	0.0	0.0	0.0	0.0	0.0	4.236605970225133e-06	0.0	0.0	0.0	0.0	0.0	0.0	0.0	0.0	0.0	0.0	0.0	0.0	0.0	0.0	0.0	0.0	0.0	0.0	0.0
k__Bacteria;p__Planctomycetes;c__Planctomycetia	0.0025786757976063697	0.0031205033674190498	0.002705084328954648	0.00037186241090796405	0.010712679856115109	0.0013693092761778195	0.0011810704676953776	0.0005549953820994924	0.000800852335700138	0.0020562180328110484	0.0025341306329316796	0.0054438265151468285	0.0	0.003318114699842156	0.004796825556281079	0.0024406538101812677	0.0030219350020477508	0.00257899957489018	0.0009021199819576004	0.0013441628405653522	0.010476157107319297	0.003498854609484517	0.0004546006764144547	0.0029837291224700767	0.002228017064812317	0.0015607340832032722	0.00928386349853906
k__Bacteria;p__Planctomycetes;c__vadinHA49	0.0	0.0	0.0	0.0	0.0	9.21318268244117e-06	0.0	0.0	4.290280369822168e-05	0.0	0.0017553612388192753	0.0	0.0	0.0	0.0	1.7814991315191734e-05	8.733045845479295e-05	0.0	0.0	0.0	0.0	0.0	0.0	0.0	0.0	0.0	0.0
k__Bacteria;p__Proteobacteria;c__	0.0	0.0	0.0	7.083093541104078e-05	0.0	2.3032956706102925e-06	0.0	0.0	7.150467283036946e-06	0.0	0.0	0.0	0.0	0.0	0.0	0.0	7.5284877978269774e-06	0.0	0.0	2.1167918749060675e-06	0.0	0.0	0.0	0.0	0.0004995553956978289	0.0	0.0
k__Bacteria;p__Proteobacteria;c__Alphaproteobacteria	0.13130048555916615	0.1698439322599597	0.13420907022972758	0.04370268714861217	0.05536196043165468	0.11073669760376582	0.11881057249939217	0.1553605775341261	0.08180134571794279	0.09348790590038775	0.18343149333413525	0.08199763688439915	0.06546252868975151	0.049856582766170485	0.164624039379175	0.14581570391484447	0.22819900503505336	0.0427660478957064	0.013237630170030008	0.11834560014224856	0.09466206509933064	0.05597597529147622	0.017725507408815292	0.07238115302267935	0.07442376285106254	0.030479163303015627	0.02276862010033629
k__Bacteria;p__Proteobacteria;c__Betaproteobacteria	0.031694768580057424	0.04487053955333808	0.06293419677439188	0.025198105272477758	0.05836330935251801	0.03890266387660776	0.055071141374561365	0.00572789127174438	0.02808703548776909	0.03876597438202915	0.04756002283722462	0.0230249116924733	0.02887270066194325	0.012245625350056851	0.07958712140238078	0.05896762125328461	0.06727757835650083	0.01592744792404704	0.005157772940322802	0.05570761177190307	0.03471321957885148	0.033700694072461596	0.020880279344277695	0.03401157236155549	0.014427159827753297	0.017203953859677445	0.016880754176084683
k__Bacteria;p__Proteobacteria;c__Deltaproteobacteria	0.009865804115406973	0.006709295098297987	0.00788982929278439	0.0439063260879189	0.022886690647482017	0.006224656549824316	0.006502283260777801	0.0011311737940501105	0.004354634575369502	0.004539893577819375	0.020896561395073947	0.020049365608626	0.014536140771047468	0.01115090208591456	0.006956652770103974	0.012523938894579787	0.015749596473054024	0.006093240753861415	0.005295052068012004	0.007768626180905269	0.017273396166917768	0.00660451545992273	0.0025826021185959116	0.0056416487430612375	0.010011090129784492	0.006242936332813089	0.014014002977010862
k__Bacteria;p__Proteobacteria;c__Epsilonproteobacteria	0.00046635626126923717	0.00025117284949211996	0.0005328196405516732	0.0	0.0019671762589928057	0.00042610969906290417	6.822067683439004e-05	0.0009532363433006548	0.0008652065412474705	0.00033164806980823366	0.0018530204232899627	0.0004206593216249822	0.0	0.0	0.0004269425887789442	0.0008818420701019908	0.0005556023994796309	8.502196400736857e-05	0.0	0.0012870094599428889	1.7518657370099155e-05	0.0005128614248430074	0.00035270742135604246	0.000558530574649571	0.00011989329496747895	0.0006816999443876361	1.1025966150283919e-05
k__Bacteria;p__Proteobacteria;c__Gammaproteobacteria	0.19411144168925645	0.17941404354230348	0.10252679468000114	0.12029748992872645	0.2459982014388484	0.09807317800675061	0.09191883444973603	0.1390199883069678	0.19871863626287983	0.22173989947378434	0.21483017318228753	0.11983223116466979	0.09513355287230145	0.08418337038985721	0.1572404440202924	0.16560815926602254	0.14679497217470888	0.06325634122148227	0.0200623639465788	0.16895386028750253	0.1294103219929223	0.11150747068142193	0.15574384035678338	0.14616843126399334	0.1359689876010351	0.059110560967296354	0.04507414962236062
k__Bacteria;p__Proteobacteria;c__TA18	0.0	0.0	2.049306309814128e-05	9.739253619018106e-05	0.0005170863309352518	1.0364830517746317e-05	0.0	0.0	0.0	0.0	2.5040816530945442e-05	0.0	0.0	0.0	2.5114269928173187e-05	0.0	3.31253463104387e-05	0.0	0.0	0.0	0.0002802985179215865	0.0	0.0	0.0	0.0	0.0	0.0
k__Bacteria;p__SAR406;c__AB16	0.0	0.0	0.0	0.0	0.0	0.0	0.0	0.0	2.145140184911084e-05	0.0	0.0	0.0	0.0	0.0	0.0	0.0	0.0	0.0	0.0	0.0	0.0	0.0	0.0	0.0	0.0	0.0	0.0
k__Bacteria;p__SBR1093;c__VHS-B5-50	0.0	0.0	0.0	0.0	0.0	0.0	0.0	0.0	0.0	7.369957106849638e-06	0.0	0.0	0.0	0.0	0.0	0.0	0.0	0.0	0.0	0.0	0.0	0.0	0.0	0.0	0.0	0.0	0.0
k__Bacteria;p__SR1;c__	2.2444953750925856e-05	0.0	0.0	0.0	0.0	1.1516478353051463e-06	2.7714649963970956e-05	0.0	2.145140184911084e-05	7.369957106849638e-06	0.0	0.0004021008221415271	0.0	0.0	0.0	0.0	0.0	0.00011336261867649143	0.0	0.0002730661518628827	7.007462948039662e-05	0.0009573413263736139	0.00010581222640681274	1.714786851994297e-05	0.0	0.0	0.00027564915375709797
k__Bacteria;p__Spirochaetes;c__Spirochaetes	0.00028180886376162465	5.1086003286532876e-05	0.0005328196405516732	0.0	0.0013714028776978418	0.00021075155386084175	0.00018547496514349792	0.00018641066268990585	0.00022881495305718228	0.0006485562254027682	0.00019782245059446897	0.0	0.0	5.0917361122897536e-05	5.0228539856346375e-05	0.0	0.00014906405839697415	8.502196400736857e-05	1.9611303955600007e-05	0.0003916064968576224	0.0008584142111348586	0.0004900675837388737	0.0006740630719248812	1.4698173017093976e-05	0.0	0.00019733419442799992	7.718176305198743e-05
k__Bacteria;p__Spirochaetes;c__[Leptospirae]	0.0	0.0	0.0	0.0	0.0	0.0	2.131896151074689e-06	0.0	0.0	0.0	0.0	0.0	0.0	0.0	0.0	0.0	1.656267315521935e-05	0.0	0.0	0.0	0.0	0.0	0.0	0.0	0.0	1.7939472220727265e-05	0.0
k__Bacteria;p__Synergistetes;c__Synergistia	2.4938837501028727e-06	0.00013197217515687658	0.0	0.0	0.0	4.606591341220586e-05	0.0	0.0	0.0	2.9479828427398553e-05	5.0081633061890885e-06	0.0	0.0	0.0	0.0	8.907495657595867e-06	0.00014153557059914717	0.0	0.0	1.9051126874154606e-05	0.0	0.0007863875180926114	2.3513828090402832e-05	7.349086508546988e-06	0.0	0.0	0.0
k__Bacteria;p__TM6;c__SBRH58	0.0	0.0	0.0	0.0	0.0	1.266812618835661e-05	0.0	0.0	0.0	0.0	0.0	0.0	0.0	0.0	0.0	0.0	0.0	0.0	0.0	0.0	0.0	0.0	0.0	0.0	0.0	0.0	0.0
k__Bacteria;p__TM6;c__SJA-4	0.0	0.0	0.0	0.0	0.0	4.606591341220585e-06	0.0	0.0	5.720373826429557e-05	0.0	1.752857157166181e-05	0.0	0.0	0.0	2.5114269928173187e-05	0.0	3.463104387000409e-05	0.0	0.0	0.0	0.0	0.0	1.1756914045201416e-05	0.0	0.0	0.0	0.0
k__Bacteria;p__TM7;c__	0.0	0.0	0.0	0.0	0.0	1.1516478353051463e-06	0.0	0.0	0.0	0.0	0.0	0.0	0.0	0.0	0.0	0.0	0.0	0.0	0.0	0.0	0.0	0.0	0.0	0.0	1.9982215827913158e-05	0.0	0.0
k__Bacteria;p__TM7;c__TM7-1	9.97553500041149e-06	0.00014474367597850981	0.0	0.0	0.0	7.370546145952936e-05	0.0	0.0	0.0	7.369957106849638e-06	0.00020283061390065807	0.0	0.0	0.0	7.534280978451956e-05	1.7814991315191734e-05	0.00010088173649088149	0.0	0.0	0.00023708068998947953	0.0	0.00017095380828100246	0.0	0.0001347332526566948	0.0	0.0	0.0
k__Bacteria;p__TM7;c__TM7-3	0.00040650305126676824	0.00042997386099498505	0.0001024653154907064	0.0002479082739386427	6.744604316546762e-05	0.00035125258976806975	0.00014283704212200414	0.0002923258119455342	0.0001072570092455542	0.0006485562254027681	0.0003931408195358434	0.00010516483040624556	0.00036589828027808267	0.00011032094909961134	0.0005525139384198102	0.00033848483498864296	0.00027704835096003274	0.0	0.0	0.0005821177655991684	0.002005886268876353	0.000370399917942172	0.0001802726820264217	7.839025609116787e-05	0.0003496887769884803	0.00037672891663527257	0.0006395060367164673
k__Bacteria;p__Tenericutes;c__Mollicutes	0.00015212690875627524	9.365767269197694e-05	0.0	0.0	0.0	0.0001439559794131433	0.0	0.0	0.0001573102802268128	0.0002284686703123388	0.00015024489918567268	0.0002103296608124911	0.0	0.0	0.00015068561956903912	0.0	7.829627309740057e-05	0.0011336261867649143	0.0	0.0002413142737392917	0.0	5.6984602760334155e-06	0.00021946239551042643	3.429573703988594e-05	0.0	0.0	0.0
k__Bacteria;p__Thermotogae;c__Thermotogae	0.0	0.0	0.0	0.0	0.0	3.4549435059154392e-06	0.0	0.0	0.0	0.0	0.0	0.0	0.0	0.0	0.0	0.0	0.0	0.0	0.0	0.0	0.0	0.0	0.0	0.0	0.0	0.0	0.0
k__Bacteria;p__Verrucomicrobia;c__	0.0	0.0	0.0	0.0	0.0	2.3032956706102925e-06	0.0	0.0	0.0	0.0	0.0	0.0	0.0	0.0	0.0	0.0	1.5056975595653955e-06	2.8340654669122857e-05	0.0	0.0	0.0	0.0	0.0	0.0	0.0	0.0	0.0
k__Bacteria;p__Verrucomicrobia;c__Opitutae	0.0006833241475281871	0.0	0.0006762710822386623	6.197706848466067e-05	0.002158273381294964	0.0003846503769919189	2.131896151074689e-06	0.00011015175522585346	0.0002502663549062931	0.00011791931370959421	0.00039814898284203256	6.186166494485032e-06	0.0	8.486226853816256e-06	0.0004520568587071174	0.0	0.00034028764846177943	2.8340654669122857e-05	0.0002353356474672001	0.00012065713686964585	0.00207596089835675	0.0	3.1351770787203776e-05	0.0002400701592792016	0.0008492441726863092	0.0018657051109556356	0.00031975301835823365
k__Bacteria;p__Verrucomicrobia;c__Verruco-5	1.7457186250720107e-05	0.0	0.0009426809025144989	0.0	0.0	1.957801320018749e-05	0.0	0.0	5.720373826429558e-05	0.0	0.00011268367438925447	0.0	0.0	0.0	0.00010045707971269275	0.0005433572351133479	8.733045845479293e-05	0.0	1.9611303955600007e-05	0.00014394184749361258	0.0	0.0	0.0	4.899391005697992e-06	0.0	0.0	0.0007497656982193065
k__Bacteria;p__Verrucomicrobia;c__Verrucomicrobiae	0.0012294846888007164	0.0010217200657306575	0.000655778019140521	8.853866926380097e-06	0.0	0.00042610969906290417	0.0016351643478742864	0.0002669061761241834	0.0005791878499259926	0.0006632961396164674	0.0011643979686889632	0.0007361538128437188	0.0	8.486226853816256e-06	0.0019589130543975087	0.0009174720527323744	0.0013355537353345061	0.0	3.9222607911200015e-05	0.0011896370336972099	0.0	0.00023363687131737005	0.00024297622360082926	0.0009210855090712225	0.002267981496468143	0.0006816999443876361	0.0007607916643695904
k__Bacteria;p__Verrucomicrobia;c__[Methylacidiphilae]	0.0	0.0	0.0	0.0	0.0	0.0	0.0	0.0	0.0	0.0	0.0	0.0	0.0	0.0	0.0	0.0	2.409116095304633e-05	0.0	0.0	0.0	0.0	0.0	0.0	0.0	0.0	0.0	0.0
k__Bacteria;p__Verrucomicrobia;c__[Pedosphaerae]	0.0034290901563914494	0.0003661163568868189	0.002131278562206693	0.0022577360662269243	0.014186151079136691	0.00022111638437858806	0.002897246869310502	0.0001143883611960786	0.0007364981301528055	0.0019825184617425526	0.0007612408225407413	0.004911816196621115	0.0007317965605561653	0.0016038968753712723	0.002712341152242704	0.0007571371308956487	0.001630670457009323	0.006263284681876151	0.0009805651977800004	0.0007472275318418418	0.007340317438071547	0.005396441881403645	0.0007210907281056868	0.002398251897289167	0.002417848115177492	0.0014710367220996357	0.004752191410772369
k__Bacteria;p__Verrucomicrobia;c__[Spartobacteria]	0.015434646529386682	0.0027331011758295093	0.025267946800008195	0.029536500066404008	0.0868929856115108	0.0005827338046644042	0.008504133746636932	0.0007202230149382725	0.002931691586045149	0.011379213772975844	0.002145997976702024	0.014846799586764077	0.001762964441339853	0.0076036592610193654	0.010623336179617257	0.01845633100253864	0.005093774844009734	0.015048887629304236	0.010923496303269206	0.0025888364630101213	0.05545530990504886	0.016890236258163042	0.0033115307893983987	0.011177960579499971	0.007413402072155782	0.016863103887483633	0.03861293345829427
k__Bacteria;p__WPS-2;c__	0.0001895351650078183	0.0	2.049306309814128e-05	0.0	0.0	5.297580042403673e-05	0.0	0.0	0.00015015981294377588	0.0	6.76102046335527e-05	0.0	0.0	0.0	0.00010045707971269275	0.0	0.00012045580476523164	0.00048179112937508857	1.9611303955600007e-05	0.00010372280187039729	0.0	0.0	0.0	5.63429965655269e-05	0.0	0.0	0.0
k__Bacteria;p__WS3;c__PRR-12	0.0007282140550300387	0.0	0.00014345144168698896	5.312320155828058e-05	0.0026866007194244605	4.491426557690071e-05	0.0	0.0	0.0	0.0	0.0	0.0009464834736562101	0.0	0.0	0.001356170576121352	0.0	7.679057553783517e-05	0.0006234944027207029	0.0002353356474672001	2.1167918749060675e-06	0.0016642724501594198	0.0009003567236132797	0.0	9.553812461111084e-05	0.0	0.0009149130832570906	0.0026352059099178566
k__Bacteria;p__[Thermi];c__Deinococci	0.004247084026425192	0.0053342301765021425	0.004385515503002234	0.002089512594625703	0.00038219424460431654	0.004025009184391486	0.0039035018526177557	0.002495360916462604	0.0017447140170610152	0.002395236059726132	0.0028246041046906464	0.0028270780879796602	0.0006652696005056049	0.0033350871535497892	0.008789994474860615	0.002912751080033849	0.0052262762292514895	0.00039676916536772	0.0004510599909788002	0.0030545306754894553	0.0018920149959707087	0.0009345474852694802	0.0006348733584408766	0.001349782222069797	0.0025077680864031013	0.0033008628886138174	0.0004741165444622085
